146525787
146525568
146525735
146525637
129302535
129302541
129302495
127393832
129334670
128666203
129334451
129334969
129334946
135929637
129334704
144404219
129334566
129878734
132247613
129334589
130050301
129334508
129320409
129334745
142230047
129335087
130064999
134452689
129320485
129334727
129320605
129320525
130025349
130037364
129742941
130076933
135996013
140542804
129320381
129334520
129335029
129302472
131051984
130049367
136003510
134451385
129869077
136009671
131146158
135919436
130075633
135920451
130024045
134119117
135920439
130320155
134196600
135915095
132296773
130169183
130052938
135924844
132950293
134183598
134182697
130617922
132296773
131146158
136003510
134451385
129335162
129869077
131051984
129334497
130049367
130169183
142190957
140542764
129320467
129334819
129320542
143802147
143802061
129334883
145669042
143619693
129322995
135988105
134887007
127826402
134845294
134838078
135735774
134829187
135048746
135049296
135050230
134951450
134935959
129441681
134832083
135941303
135945738
135924883
135932483
135933758
135987037
135939003
134835202
135778953
134836702
134831206
134868733
134865638
134886573
134939051
135989628
135938592
135986349
135943936
135986862
135923573
135921713
135915901
135915053
135943971
135924809
135988376
135733119
135986361
135538316
135577511
135660631
135676133
135051528
135099218
135277100
135279927
135356973
135331641
135178321
135055927
135052867
135052896
135422597
135051534
135052809
135278633
135058509
135063520
135053152
135053169
135049912
135058141
135052337
135987014
135315649
135064847
135986355
135987043
135987089
135049215
134905068
135986666
135987642
135986653
135986608
135990735
135991734
135276049
134793740
135099201
135067078
135087238
135567598
135583296
135049221
135578781
135393526
135088859
135049929
135049209
135289303
134814383
134828165
134811288
134828706
134800998
134794290
135482421
135466527
135465085
135462819
135479833
135422597
135478847
134794520
134800543
134795951
135054139
135079087
135071118
134801029
134802322
135986695
134825957
135050224
134795903
134828326
134828758
134796869
134810341
135052809
135986637
134951450
135989317
145667476
131847262
140542729
128592226
142346400
145345575
129441842
128594852
136967987
145892519
142346204
145667695
143802003
145893138
145440623
145440393
135945783
135986326
135986332
135944486
135987918
145439827
135986614
129455814
135928310
135914608
135916363
135049296
134810341
135049215
145343220
143765991
145440139
145440807
135052337
135053152
129455814
135053169
145440393
145440623
142346400
128592226
145439827
140542729
145667476
145345575
131847262
129441842
135049912
135052896
135478847
135466527
135482421
135465085
135479833
135422597
135462819
135058141
135071118
135051534
135058509
135052867
135079087
135051528
135052809
135054139
135063520
135538316
143802003
136967987
129335104
131846205
129334831
138312498
129335127
133278423
140542390
135273507
129441721
129320588
129322955
129322989
129455855
142191098
135393526
135368972
135578216
135356986
135088859
135087238
135067078
135099201
145439827
135578781
135676133
135466527
135465085
135462819
135583296
135479833
135538316
135577511
135660631
135422597
145440623
145345575
145667476
138312498
140542390
129335127
131846205
133278423
135005792
140542551
135273536
135273507
137935269
129335104
129441721
129322955
129322989
142191098
129334831
129335064
129320444
129320588
129455855
129335145
135064847
129859613
138312550
136967987
128594852
143802003
145892519
129441842
128592226
140542729
131847262
142346400
138312636
142346204
145893138
136967872
143765991
129335127
133278423
135273507
135005792
140542551
135273536
137935269
129859613
138312636
140542390
138312498
131846205
129335104
129322955
129322989
142191098
129335064
138312550
129335145
129320588
129455855
129441721
129334831
129320444
136967872
129441681
143619520
128592226
140542729
131847262
145667476
142346400
145345575
145439827
145440393
145440139
145343220
145440623
145440807
129441842
128594852
129455025
144404162
145344962
143619641
143802003
142346285
145667695
142346204
145892519
136967987
145893138
135986862
134802322
134800998
135778953
135735774
135939003
135939049
129455855
129441721
129334831
129335104
131846205
129320588
144404162
145344962
143619641
145439827
145440393
145440139
145343220
143765991
145440623
145440807
135052337
135053152
135053169
135049912
135058141
129455814
134814383
145345575
131847262
142346285
145893138
145667695
142346204
145892519
145667476
136967987
143802003
129441842
142346400
128592226
140542729
128594852
135989628
134794290
134800543
134591610
135912864
135915089
135924867
135924809
135923573
135921713
135915901
135915053
135943971
135988157
135912806
135944405
135940070
135941303
135986614
135988013
135987918
135987354
135052809
135063520
135051528
135052867
145440807
143765991
145343220
145440139
129441842
143802003
128594852
136967987
145892519
142346400
145667695
128592226
131847262
145440393
145439827
145440623
145345575
145667476
140542729
135827504
134789256
134791172
135986608
135990735
135986695
135986637
135990689
135989317
134334812
135988981
135989467
135988173
135989438
135988376
135988612
135986653
135987642
135991734
135986666
135988157
135943971
135915053
135915901
135921713
135988192
135986263
135986843
135987014
135986384
135987089
135987043
135986361
135986355
135986862
135923573
135990463
145440393
135052337
129455814
145439827
145440807
145343220
145440139
143765991
135916324
135049238
134969775
135838969
135846533
135837613
135837607
135839438
135842140
135840401
135868753
135877293
135806760
135830344
135837642
136405288
135845937
135854172
135845217
135839409
135939907
135938592
135988376
135988612
135988981
135988998
135989317
135989438
135988173
135989467
135986263
135989628
135986349
135943936
135986390
135990453
135990463
135990424
135799191
135799133
135787815
135934204
135923557
135920422
135918996
135933793
135944492
135927046
135928333
135928304
135916353
135916382
135827504
135807200
135800668
135882489
135912887
135912893
135918996
135933793
135917686
135919488
135919494
135918132
135919459
134794612
135920422
135878570
135799127
135877293
135868753
135854172
135840401
135838969
135846533
135842140
135845937
135845217
135837636
135801961
135787815
135799133
135799191
135839409
135806760
135830344
135800651
136613151
135934204
135944492
134218144
134217836
134215781
134228996
134767340
134791153
134791108
134216578
134220440
134232453
134233223
134237403
134219650
134219713
134223022
134220722
134218547
135912858
135924815
135925283
135883908
135928379
135883908
134767340
135928304
135927046
135912887
135882489
135804071
135806662
135826367
135817463
135800668
135912893
135919459
135918132
135919494
135944492
135934204
135923557
135928333
135920422
135933793
135917686
135919488
135918996
135827504
134791108
134217836
134220463
134201093
134222553
134202410
134224107
134224292
134220797
134223834
134225890
134244106
134255617
134334870
134334743
134246565
134224804
134334150
134248193
134309590
134250438
134247086
134228996
134221237
134218121
134220722
134218547
134232453
134220440
134216578
134215781
136105695
134223022
134219713
134219650
135921732
135916399
135921784
134767340
134791153
135912858
135924815
135925283
135883908
135916363
135928310
135914608
134228996
135928304
134220797
134224107
134231133
134242828
134249821
134234579
134227231
134245474
134248989
134229839
134244400
134240531
134240525
134240272
134176060
134175815
134175118
134195486
134193465
134340355
134227542
134236593
134232610
134242153
134224292
134244878
134334772
134255617
134244106
134225890
134250438
137420008
134201093
134222553
134202410
134220463
134309590
134248193
134247086
134336574
134336292
134338059
134338023
134339317
134334870
134334743
134224522
134244878
134242153
134229839
134112044
134112499
134120996
134122337
134122625
134123739
134177525
134177560
134178985
134134594
134109757
134113204
134112597
134135472
134115899
134114514
134115565
134128688
134115801
134144943
134114013
134112735
134134143
134115863
134228996
134177721
134176209
136934116
134234579
134231133
134242828
134249821
134227231
134244400
134245474
134248989
134240525
134240272
134232610
134236593
134176808
134175746
134127361
134176060
134128521
134175815
134195486
134193465
134340355
134227542
134175118
134791108
134767340
134791153
135939907
135943936
134189908
134182530
134180513
134188028
134217103
134193200
134176929
134175752
134184862
134146424
134178680
134186451
134182167
134140661
134185607
134142313
134143633
134198500
134184067
134219683
134183114
134181427
134112044
134112499
134120996
134122337
134134594
134122625
134177525
134177560
134178985
134128688
134123739
134109757
135994247
134112597
134136423
134135472
134115899
134114514
134115565
134115801
134115863
134144943
134114013
134112735
134134143
134216699
135986608
134218121
134221773
135799191
135839409
135806760
135830344
135799133
135837636
135845937
135854172
135877293
134579954
134580940
134566825
134567903
134569091
134573471
134646149
134596841
134646155
134189383
134175883
134176077
134218484
134215693
134219143
134206734
134188028
134199960
134189908
134182530
134180513
134184067
134183114
134215591
134190733
134217103
134193200
134175752
134184862
134146424
134178680
134186451
134181427
134182167
134185607
134142313
134143633
134198500
135993703
134140661
134339317
134334870
134334743
135919459
135912893
135912887
135882489
135804071
135806662
135826367
135817463
135800668
135827504
135807200
135918132
134794612
135919494
135917686
135734274
135920468
134586283
134565924
134575283
134576018
134580715
134575768
134341694
134342969
134578949
134297901
134194733
134189383
134175883
134176077
134175752
134184401
134640985
134641638
134643089
134569183
134579954
134580940
134566825
134567903
134569091
134573471
134646149
134640864
134647407
134646155
136015035
134596841
134146424
135840401
134236593
134240272
135916382
135928379
135916727
135734274
135920468
135916353
135928304
135927046
135944492
135934204
135923557
135920422
135928333
135918996
135916347
135915066
134767340
134791153
135912858
135924815
135925283
135916324
135883908
135928310
134586283
134580940
134579954
134569183
134575283
134565924
134566641
134591610
134650303
134624763
134787955
134790236
134789262
134782655
134773123
134781339
134134594
134767033
134759269
134676263
134762453
134761156
134769096
134760917
136021678
134112044
134112499
134120996
134228996
134791108
134767340
134791153
135912858
135924815
135925283
135883908
135916399
135921784
135914608
135928310
135916363
134217836
135921732
134218144
134216578
134219667
134206786
134226762
134232656
134233223
134237403
134219650
134219713
134220440
134232453
134218547
134220722
134223022
134215781
135915066
134758132
134693645
134416743
134415129
134412858
134411744
134353651
136017822
134528301
134565538
134679333
134684437
134754810
134199960
134753886
134752841
134683323
134740763
135919494
134189908
134180513
134233223
134232656
134226762
134206786
134219667
134237403
134224522
134219650
134223022
134216578
134220440
134232453
134218547
134220722
134219713
134215781
134221773
134218121
134220463
134223834
134225890
134244106
134255617
134201093
134218173
134222553
134224107
134219683
134221237
134224804
134220797
134224292
134202410
134250438
134218144
134228996
135928304
135920468
135734274
134338036
134337901
134347267
134335258
134334864
134349052
134334812
134307776
134336539
134314237
134176077
134175752
134184862
134220463
134223834
134225890
134244106
134255617
134201093
134222553
134202410
134224107
134218121
134219683
134250438
134221237
134220797
134224292
134224804
134218173
134309590
134247086
134217018
134244878
134242153
134229839
134248989
134334772
134336574
134336292
134338059
134334150
134246565
134248193
134334743
134339317
134338023
134334870
134245474
134221773
134219667
135883908
135925283
135924815
135912858
134791153
135916363
135928310
135914608
135921784
134565348
134564741
134565360
135912858
134569091
134646149
134336574
134334772
134336292
134217018
134242153
134229839
134244878
134248989
134338059
134339317
134248193
134247086
134338023
134334150
134334743
134334870
134246565
134309590
134245474
134227231
134340355
134193465
134227542
134195486
134175815
134176060
134175118
134244400
134236593
134240272
134249821
134242828
134232610
134231133
134240531
134240525
134234579
134127361
134250438
134244106
134220722
134223022
134218547
134219713
134237403
134233223
134219650
134232656
134232453
134216578
134767340
134791108
134220440
134228996
134232610
134340355
134195486
134175118
134193465
134240272
134240525
134240531
134245474
134244400
134227231
134249821
134242828
134231133
134234579
134175815
134248989
134176060
134175746
134120996
134112499
134122337
134112044
134109757
134113204
134134594
134122625
134123739
134177525
134176808
134176209
134128521
134177721
134128688
134178985
134177560
134127361
134112597
134229839
134244878
134224804
134220797
134221237
134224292
134202410
134222553
134224107
134219683
134218121
134218173
134233223
134232656
134226762
134206786
134219667
134224522
134221773
134201093
134242153
134220463
134177721
134175815
134176060
134127361
134175746
134176808
134176209
134128521
134112044
134134594
134109757
134113204
134136423
134181427
134216699
134183114
134184067
134180513
134182530
134135472
134175118
134115899
134115565
134112597
134134143
134112735
134114013
134144943
134115863
134115801
134114514
134195486
134193465
134340355
134247086
134334150
134246565
134334743
134334870
134339317
134338023
134248193
134338059
134309590
134255617
134202410
134222553
134201093
134220463
134223834
134225890
134244106
134250438
134189908
134336292
134334772
134234579
134240531
134240525
134240272
134112735
134144943
134184067
134180513
134182530
134198500
134143633
134142313
134185607
134140661
134182167
134186451
134176929
134193200
134217103
134190733
134189908
134199960
134188028
134112499
134206734
134215693
134218484
134215591
134219143
134120996
134122337
134122625
134245474
134244400
134227231
134249821
134242828
134231133
134234579
134248989
134229839
134242153
134244878
134334870
134339317
134338023
134240531
134338059
134336574
134334772
134217018
134336292
134178680
134240525
134232610
134128521
134177721
134128688
134178985
134177560
134177525
134123739
134176209
134176808
134575768
134580715
134342969
134576018
134640985
134641638
134643089
134578949
134181427
134297901
134194733
134186451
134178680
134146424
134184401
134184862
134176077
134175883
134189383
134175752
134136423
134135472
134115899
134195486
134175118
134175815
134193465
134176060
134175746
134176808
134176209
134127361
134128521
134340355
134236593
134249821
134242828
134231133
134227542
134234579
134240525
134240272
134232610
134240531
134640864
134177721
134178985
134134143
134112735
134114013
134112597
134144943
134115801
134115565
134114514
134115863
134128688
134113204
134134594
134177560
134586283
134566825
134567903
134569091
134641638
134643089
134640864
134647407
134646155
134645692
134596841
134646149
134573471
134176929
134193200
134217103
134190733
134122337
134120996
134112499
134122625
134112044
134109757
134113204
134112597
134134594
134123739
134177525
134177560
134176060
134127361
134175746
134176808
134176209
134128521
134177721
134128688
134178985
134134143
134570173
134112735
134144943
134189908
134199960
134188028
134182530
134206734
134215693
134218484
134215591
134219143
134180513
134184067
134183114
134115863
134115801
134115565
134114514
134115899
134135472
134656707
134564516
134587103
134570173
134607381
134588874
134566693
134566641
134650303
134790236
134194733
134175883
134114514
134115899
134135472
134115565
134136423
134216699
134183114
134184067
134181427
134115801
134115863
134144943
134112499
134112044
134134594
134109757
134113204
134112597
134134143
134112735
134114013
134180513
134182530
134189908
134199960
134185607
134140661
134182167
134186451
134178680
134146424
134184862
134175752
134176077
134142313
134189383
134143633
134176929
134188028
134206734
134219143
134215693
134218484
134215591
134190733
134217103
134193200
134198500
134787978
134787949
134789262
134753886
134646149
134645692
134215693
134218484
134215591
134190733
134217103
134193200
134176929
134198500
134143633
134219143
134142313
134206734
134199960
134135472
134136423
134181427
134216699
134183114
134184067
134180513
134182530
134189908
134188028
134185607
134140661
134182167
134580715
134576018
134578949
134640985
134641638
134643089
134640864
134647407
134646155
134575768
134341694
134342969
134297901
134186451
134178680
134146424
134184862
134596841
134175752
134175883
134189383
134194733
134184401
134176077
134740763
134752841
134683323
134444342
134607381
134184862
134175752
134176077
134175883
134189383
134194733
134184401
134297901
134342969
134146424
134178680
134186451
134182167
134215591
134190733
134217103
134193200
134341694
134176929
134143633
134142313
134185607
134140661
134198500
134575768
134580715
134576018
134580940
134579954
134569183
134575283
134566825
134565924
134656707
134564516
134587103
134570173
134586283
134588874
134567903
134573471
134578949
134640985
134641638
134643089
134569091
134640864
134646155
134645692
134596841
134646149
134647407
136369163
134418466
134376232
136404721
136362579
136371463
136399737
134646155
134596841
134646149
134573471
134569091
134645692
134567903
134578949
134580715
134175752
134176077
134175883
134189383
134576018
134194733
134297901
134342969
134341694
134575768
134184401
134566825
134580940
134579954
134676263
134762453
134761156
134769096
134624763
134760917
135987930
134767033
134781339
134787955
134759269
134650303
134591610
134566641
134569183
134575283
134565924
134586283
134656707
134564516
134587103
134570173
134607381
134588874
134566693
134789262
134146424
134339029
134790213
136254448
136402182
136448657
136406569
136405599
136406016
136439714
136436556
134569183
134579954
134580940
134643089
134640864
134647407
134646155
134645692
134596841
134646149
134573471
134569091
134567903
134566825
134591610
134650303
134624763
134676263
134574769
134757922
134754843
134648798
134651004
134646103
134640841
134643043
134653676
134758132
134693645
134787949
134565360
134787978
134782655
134762453
134761156
134769096
134760917
134759269
135987930
134767033
134781339
134787955
134790236
134789262
134773123
134565348
134564741
134405268
136363048
136408348
136341944
136422555
136364393
136366978
136411960
136436562
136382133
136438427
136436527
136429254
134656707
134564516
134587103
134570173
134607381
134588874
134566693
134566641
134591610
134624763
134787978
134787949
134574769
134679333
134565538
134528301
134567997
134416743
134415129
134412858
134411744
134353651
134405389
134382063
134683323
134752841
134740763
134753886
134757922
134754843
134648798
134651004
134646103
134422506
134640841
134653676
134758132
134693645
134684437
134754810
134643043
134446870
135986856
135988353
136055763
136099211
136099228
136099332
136101244
136099313
136099240
136099326
136104293
136018562
136018510
136086071
136017845
136072260
136019889
136411960
134787955
134790236
134789262
134782655
134773123
134781339
134740763
134752841
134683323
134418466
134383338
134376232
134431236
134349052
134388304
134348593
134334864
134334812
134314237
134307776
134336539
134335258
136371463
134387720
134378817
134679333
134565538
134528301
134567997
134416743
134389620
134415129
134411744
134353651
134405389
134382063
134418299
134412858
136617538
136399737
136292811
136015260
136014785
136014105
136012476
136011955
136011723
136101296
136103081
136104270
136200547
136258087
136011949
136010616
136101250
136009694
136099240
136099326
136104293
136018562
134643043
134389620
134387720
134388304
134340303
134377513
134339029
134337924
134790213
134340361
134396713
134502176
134536717
134528508
134464698
134485863
134414113
134347221
134338036
134337901
134418466
134383338
134376232
134431236
134349052
134348593
134335258
134334864
134347267
134336539
134307776
134314237
134334812
136254448
134787949
136402182
136406569
136363866
136363837
136329862
136252633
136178135
136250055
136151276
136110233
136109983
136107347
136105695
136120716
136116238
136139597
136263345
136363031
136011723
136101296
136103081
136104270
136200547
136251394
136258087
134567916
134566952
134524109
134565360
134565348
134524121
134564741
134451723
134463365
134449066
134417162
134448009
134405268
134505236
134485834
134540850
134340361
134340303
134377513
134339029
134337924
134790213
134396713
134414113
134485863
134464698
134528508
134536717
134502176
134338036
136429254
136364393
136363048
136005214
136617538
136632076
137158993
137233040
136100723
137234091
137272557
137235395
137238789
137280183
137307316
137234684
136131104
136107353
136107497
136178135
136151276
136116238
136110233
136109983
136107347
136105695
136120716
136138794
136143666
136104333
134447984
134422506
134446870
136363814
136363060
135987999
135988353
135986856
134485120
134485834
134442350
134415423
134524121
134567916
134566952
134524109
134565360
134565348
134564741
134405268
134448009
134417162
134449066
134463365
134451723
134415066
136019889
136021528
136072260
137239788
137239742
137237151
137145490
137251143
137311230
137271263
137279193
137296533
137156338
137232922
137235124
137243834
137240722
137272592
137343128
137255273
137233040
137234091
137234684
137272557
137235395
137238789
137280183
137307316
137259326
137284572
137305589
137307149
137430273
137348837
136292811
136364370
136399737
136371463
136368728
136366932
136365639
136364364
134463388
134444342
134453976
134423632
134485120
134448608
134415066
134447984
134446870
136363814
136363060
135987999
135988353
135986856
134422506
136741972
136007638
136006386
137565793
137343105
137555661
137343140
137348814
129954402
137559841
137420008
137272573
136994424
137344438
137418248
137419073
137309942
137311092
137315456
137323020
137279193
137271263
137311230
137251143
137145490
137243834
137252748
137235124
137156338
137339762
137344483
137314912
137272592
137296533
137232922
137237151
137416813
136287413
136364364
136373284
136374523
136405288
136373213
136399772
136368728
136366932
136410932
136259276
136376338
136404721
136292811
136364370
136399737
136371463
136362579
136374565
134528508
136194242
136289205
137531447
137434234
137247369
137141989
137125030
137238426
137448886
137234056
136593098
136779138
136791232
136788444
136974794
137023916
137137897
136779144
137417232
137343163
137420008
137559841
129954402
137348814
137343140
137419073
137343134
137418248
136994424
137343998
137344409
137416813
137252748
137272573
137344438
137555661
136814149
136781169
136777780
136777935
137344409
137448886
137417232
137343134
137343163
137343998
137416813
137559841
136800603
136820821
136804167
136787140
136780199
136790786
136777780
136789725
136777935
136934116
136916213
136890852
136921068
136913441
136894992
136864963
136904433
136784235
136778272
136788409
136784045
136784949
136785355
136781866
136798023
136779599
136779576
136741972
136709741
136779524
136785390
136778214
136597497
136615788
136707138
129954402
137348814
137343140
136131104
136107353
136107497
136138794
136143666
136100723
136104333
136005214
136632076
137272557
137234684
137234091
137233040
137158993
136617538
137235395
136139205
136120716
136363837
136363866
136250055
136263345
136251394
136329862
136139597
136252633
136151276
136105695
136107347
136109983
136110233
136116238
136178135
137238789
137280183
137307316
137314912
137272592
137296533
137156338
137232922
137344483
137235124
137339762
137315456
137555661
137343105
137565793
137309942
137311092
137323020
137243834
137279193
137271263
137259326
137284572
137305589
137307149
137430273
137255273
137348837
137343128
137240722
137311230
137251143
136972116
137145490
137239742
137239788
137237151
133386089